No.	Word	Biphone joint trans logprob	Triphone joint trans logprob	Biphone avg trans logprob	Triphone avg trans logprob	Triphone avg centered logprob	Avg biphone prob	Avg triphone prob	NNB	NNB freq	Neighbors	GNM sim	GNM sim (adj.)	Nearest neighbors
1	b2z	-9.59007874325221	-8.71050436009469	-1.90672118537542	-1.61903911292364	-2.28701140294392	-5.70824640435041	-4.81110276262181	31	138.38847179163		0.467933065572085	1.20816159038518e-05	guise (75, 0.59259), bide (13, 0.64865), boys (52, 0.67901), buy (4, 0.70000), buy (4594, 0.70000)
2	bl1f	-15.9601717467205	-11.5864064879538	-2.88624921938971	-2.6631056680755	-2.43446424943618	-5.96853225907142	-5.2772357760316	9	39.8947180817882		0.135021761304767	3.48614188388543e-06	blame (130, 0.84615), blame (834, 0.84615), bluff (99, 0.86957), bluff (39, 0.86957), bluff (17, 0.86957)
3	blIg	-12.7623203423808	-10.1474238084802	-2.13911798002231	-1.9159744287081	-1.29708302044572	-5.18971976009106	-4.52932451006168	5	23.7710099594658		0.248924649206786	6.42701322472403e-06	brig (3, 0.37500), big (7059, 0.70000), big (142, 0.70000), blip (26, 0.78571), bliss (146, 0.91429)
4	brE_	-13.6619495717736	-9.80704029803866	-2.44320523728241	-2.2200616859682	-1.71406778367791	-5.85224986367546	-4.94979187348433	8	34.0758440421964		0.23208450175214	5.99221558317988e-06	bread (1327, 0.57500), bridge (1185, 0.60870), bridge (63, 0.60870), dredge (2, 0.69444), dredge (24, 0.69444)
5	J1k	-12.9917077219937	-inf	-2.80844005778722	-2.52075798533543	-3.48400303913046	-6.17022520511809	-5.86369881400321	43	207.109216577234		0.727289393809888	1.87779658105881e-05	shake (76, 0.50000), shake (2359, 0.50000), sheikh (41, 0.50000), take (34323, 0.59375), cheek (808, 0.62500)
6	J2nd	-14.1524788201702	-6.94726037315619	-2.23505526876781	-2.0119117174536	-1.55592947774961	-5.66503257596333	-4.63155513271058	18	99.7397323634144		0.229796937133191	5.93315269766314e-06	child (19389, 0.47368), chide (34, 0.70000), chine (10, 0.70000), kind (8882, 0.77419), kind (390, 0.77419)
7	Jul	-14.6933589058511	-inf	-3.09358776622139	-2.80590569376961	-3.32877609534051	-6.37373278191544	-6.48047301577858	25	120.906159864404		0.432274757324738	1.11609500742232e-05	joule (12, 0.54054), tool (800, 0.59375), tool (30, 0.59375), chew (6, 0.70000), chew (361, 0.70000)
8	d1p	-12.7449924595768	-inf	-2.9812279267483	-2.69354585429652	-3.64896438692104	-5.8487225231575	-6.1252697424513	33	164.83712602489		0.64902435762093	1.67572321298425e-05	jape (1, 0.57500), tape (604, 0.58824), tape (63, 0.58824), nape (35, 0.59375), deep (49, 0.62500)
9	d2z	-9.8953865110361	-5.86392169021609	-1.91613719810724	-1.62845512565546	-1.89417929724518	-5.68431277674742	-4.70851617384671	25	118.913370864691		0.360133261193792	9.2983207558233e-06	dice (38, 0.61290), dice (16, 0.61290), guise (75, 0.67647), die (4279, 0.70000), dye (91, 0.70000)
10	dr2s	-13.9514641399714	-9.43200666406756	-2.53757335814377	-2.31442980682956	-2.16259859057362	-5.3775458732494	-5.31433952623498	15	78.4204954265293		0.221860629693525	5.72824429251827e-06	trice (12, 0.58824), dice (38, 0.70000), dice (16, 0.70000), rice (488, 0.70000), dry (853, 0.70000)
11	drIt	-11.4757486704258	-8.4298979299562	-1.9664229376789	-1.74327938636469	-2.21212301144169	-4.78814854836074	-4.21458241775093	12	51.8463862845177		0.264914352282458	6.83985314818771e-06	grit (10, 0.67647), grit (49, 0.67647), drip (38, 0.67857), drip (183, 0.67857), brit (10, 0.69444)
12	dw5_	-18.8315938021308	-inf	-2.91091147773686	-2.68776792642265	-5.34804027866201	-6.26765823552396	-8.79043821607025	1	1.09861228866811		0.0325757096052976	8.41075872177264e-07	doge (1, 0.70000), dirge (8, 1.01343), woad (2, 1.27500), do (3, 1.40000), doe (49, 1.40000)
13	flip	-14.4210382934785	-9.59422768393881	-2.76503469558588	-2.54189114427167	-2.30178596289535	-5.98615150824383	-5.08776543982398	21	83.4636882064632		0.339367942871777	8.76217869075875e-06	fleet (263, 0.67857), fleet (4, 0.67857), fleet (17, 0.67857), flip (6, 0.67857), flip (122, 0.67857)
14	flEt	-12.6277654814441	-8.24802556483699	-2.24865614874902	-2.02551259743481	-1.60331981670347	-5.18535717440318	-4.77505669765495	25	103.619295300981		0.789246732183147	2.03776492262825e-05	fret (3, 0.37500), fret (89, 0.37500), fret (1, 0.37500), flat (1411, 0.53846), flat (937, 0.53846)
15	flI_	-12.3958687888317	-8.84131881952191	-2.00069404361182	-1.77755049229761	-1.70584496522638	-5.24079575070626	-4.59407203945584	12	40.745949143808		0.289160971426481	7.46587930666601e-06	fridge (76, 0.37500), flitch (5, 0.54054), flit (1, 0.78571), flit (56, 0.78571), flick (59, 0.87179)
16	frIlg	-18.6896663858163	-inf	-2.44105724474808	-2.25873568795412	-2.26936482739535	-5.51586176318656	-5.12630693164551	4	12.6587266364408		0.0611752078563865	1.57948950082328e-06	frilled (14, 0.67647), frill (26, 0.70000), frills (24, 0.86111), frilly (25, 0.97872), fringe (298, 1.24291)
17	g8R	-10.6409637217874	-inf	-1.12876107001671	-0.841078997564927	-1.28236812677456	-5.51250182722432	-5.58799293259814	51	275.741306931263		0.754958348027201	1.94923536192508e-05	care (1713, 0.54545), care (2175, 0.54545), bare (80, 0.59259), bare (673, 0.59259), bear (290, 0.59259)
18	gEz	-13.3674662240408	-inf	-2.19427768208616	-1.90659560963437	-6.06228050142056	-6.25330773679622	-7.99193051985248	8	45.5716686393468		0.19937541457153	5.14769602053988e-06	guess (176, 0.61290), guess (1384, 0.61290), gaze (270, 0.70000), gaze (552, 0.70000), get (42717, 0.81081)
19	glid	-13.7439902886948	-9.23297799662226	-2.33636370428784	-2.11322015297363	-2.47899640835339	-5.80733730699464	-5.50702387006448	15	71.0777999437307		0.462352171521028	1.19375221791595e-05	greed (152, 0.37500), bleed (432, 0.59259), glean (38, 0.59375), glade (33, 0.62500), glebe (2, 0.69444)
20	glIp	-13.3669625494383	-9.04761413319404	-2.19846217465232	-1.97531862333811	-1.84997785559061	-5.29664682749536	-4.96421520044544	15	67.2804235198073		0.720753487538994	1.86092145190931e-05	grip (160, 0.37500), grip (261, 0.37500), grippe (289, 0.37500), clip (6, 0.54545), clip (85, 0.54545)
21	glIt	-11.5156225811605	-7.93681685896045	-1.87770477578117	-1.65456122446696	-1.97935187161781	-4.78644310270435	-4.28816245324479	18	59.5501290076525		0.488846554395138	1.2621583599575e-05	grit (10, 0.37500), grit (49, 0.37500), eaglet (1, 0.70000), gullet (38, 0.70000), lit (666, 0.70000)
22	gr2nt	-13.5768059471898	-12.8322941581142	-1.96724450311213	-1.78492294631817	-1.67164583892228	-5.16215011727537	-3.97230950382631	6	32.8010691047179		0.121196795371968	3.12919354966222e-06	grind (27, 0.58824), grind (491, 0.58824), grant (666, 0.78846), grant (785, 0.78846), grunt (139, 0.93548)
23	grEl	-12.0743303731233	-9.25442219173833	-2.22191017301367	-1.99876662169946	-1.51816181119184	-5.6953769963528	-4.77505669765495	8	30.7894795881994		0.19522439393111	5.04052035659059e-06	grill (51, 0.60870), grill (104, 0.60870), grille (68, 0.60870), grail (24, 0.70000), glen (27, 0.84868)
24	gud	-12.4762421742466	-inf	-2.35129782206714	-2.06361574961536	-3.00451235287132	-5.74090025137688	-6.14610382935415	30	135.612092567882		0.545840600571882	1.40931192216024e-05	gourd (25, 0.39189), goad (8, 0.55556), goad (41, 0.55556), goon (10, 0.59375), good (26038, 0.66667)
25	gwEn_	-17.5679796093468	-16.9298788964448	-2.37541496509166	-2.19309340829771	-1.61134777146444	-6.26688527713604	-6.46587421635743	1	4.23410650459726		0.0276745606757618	7.1453256243737e-07	gwen (67, 0.70000), quench (25, 1.08600), wench (10, 1.24054), wench (1, 1.24054), wend (5, 1.27500)
26	kIv	-10.494403044967	-10.4572501020901	-2.4482055015984	-2.16052342914662	-3.31865026413895	-5.34390080229327	-4.60867083887699	25	130.683323919169		0.257374246424015	6.64517431576812e-06	give (22921, 0.54545), kip (4, 0.77778), kip (5, 0.77778), cave (660, 0.84375), sieve (41, 0.86667)
27	krIlg	-18.2868968562517	-inf	-2.39221072913709	-2.20988917234313	-2.36298245183713	-5.26765285476667	-4.70951667418029	0	0		0.0157334556978032	4.06223843892571e-07	cringe (47, 1.24291), crick (9, 1.24545), crick (4, 1.24545), grill (51, 1.24545), grill (104, 1.24545)
28	lVm	-11.4239346604763	-6.71796218330039	-2.5799084148621	-2.29222634241032	-2.52231031027475	-5.93285712015451	-5.54092542174016	57	239.035122689376		1.03053904705862	2.66076023613804e-05	rum (86, 0.37500), rum (14, 0.37500), numb (61, 0.47368), numb (69, 0.47368), lung (427, 0.66667)
29	mIp	-10.938438089768	-inf	-2.54458501258469	-2.25690294013291	-3.29173629801846	-5.54078052671524	-4.4714697173635	45	195.311697218653		0.535104786064446	1.38159300318723e-05	mick (70, 0.57143), rip (17, 0.61905), rip (265, 0.61905), mitt (5, 0.67857), whip (254, 0.69231)
30	m3n	-12.0013520600381	-inf	-2.55125190544673	-2.26356983299495	-3.16824554681993	-5.53669142169543	-6.356175299101	33	180.676686282408		0.917203549375362	2.36813805317539e-05	moan (57, 0.31343), moan (237, 0.31343), burn (206, 0.58333), burn (1577, 0.58333), main (3459, 0.62121)
31	n1s	-12.1277383400112	-8.91218699965711	-2.54169025270074	-2.25400818024896	-3.26228865610653	-5.47566259615482	-5.67610020010841	37	186.743584062303		0.709019825058214	1.83062617814726e-05	lace (226, 0.47368), lace (82, 0.47368), race (1564, 0.56522), race (389, 0.56522), dace (38, 0.59375)
32	n5ld	-15.1852426918807	-7.53046008393772	-2.37433667224893	-2.15119312093472	-1.48947689012763	-5.80015594758598	-5.04749154068604	17	95.2742596611747		0.222189162179927	5.73672670935237e-06	gnarled (34, 0.67123), node (20, 0.70000), old (15279, 0.70000), old (270, 0.70000), knoll (35, 0.70000)
33	nVN	-12.6139561065884	-inf	-1.96281821546346	-1.67513614301167	-3.91374130439478	-6.22855077207095	-6.51032597892826	18	86.6154022193104		0.409399970529661	1.05703434078557e-05	lung (427, 0.47368), rung (53, 0.56522), dung (111, 0.59375), numb (61, 0.66667), numb (69, 0.66667)
34	p{Nk	-12.1701845237891	-7.98480300632031	-2.28816406410543	-2.06502051279122	-0.954145597510567	-5.4929869874607	-4.69609365384815	28	117.458747744036		0.41161567395045	1.06275509010986e-05	bank (3089, 0.56000), bank (98, 0.56000), tank (703, 0.67857), pack (353, 0.70000), pack (688, 0.70000)
35	pInt	-10.2745422283725	-7.92334718007206	-1.94426519648128	-1.72112164516707	-1.61788796194846	-4.64608864295957	-3.5640943491473	30	136.447267781523		0.519702059466084	1.34182453194104e-05	quint (307, 0.57143), pinch (70, 0.59375), pinch (169, 0.59375), tint (31, 0.67857), tint (42, 0.67857)
36	pl1k	-13.1545194393186	-9.14953041756472	-2.53396094641975	-2.31081739510554	-1.39732847664914	-5.44247524840797	-4.7710566923216	22	116.455126433591		0.418800230525554	1.08130497669968e-05	plague (129, 0.54545), plague (77, 0.54545), plate (995, 0.65385), plate (10, 0.65385), flake (124, 0.66667)
37	plIm	-11.368563980807	-10.9005434803853	-2.00641509204548	-1.78327154073127	-1.87379580139619	-4.936760395012	-4.68504381766156	13	46.1347415946545		0.407665504595757	1.05255610388515e-05	prim (74, 0.37500), prim (4, 0.37500), limb (436, 0.70000), limn (7, 0.70000), plum (108, 0.83636)
38	pl5mf	-19.1916345208875	-17.34007715207	-2.96443427689251	-2.78211272009855	-2.78982871813807	-5.92638803772889	-5.54437965660825	0	0		0.00667280166960098	1.7228580903155e-07	plume (57, 1.25556), plume (3, 1.25556), loaf (160, 1.40000), loaf (7, 1.40000), loam (21, 1.40000)
39	pl5nT	-17.6984603389773	-inf	-2.46034994892612	-2.27802839213217	-2.94556454137265	-5.91315672005524	-5.41171369026015	1	3.36729582998647		0.0146088072044204	3.77186419261585e-07	plinth (27, 0.94505), prone (121, 1.07500), clone (15, 1.27143), loan (624, 1.40000), loan (38, 1.40000)
40	prik	-11.6911323139443	-7.64580783408504	-2.27110552756073	-2.04796197624652	-1.31194010509925	-5.32252273214192	-4.03302392852548	24	98.2379869763353		0.546697535987573	1.41152445324823e-05	creak (21, 0.57143), creak (145, 0.57143), creek (282, 0.57143), freak (104, 0.66667), freak (25, 0.66667)
41	pVm	-10.6341087304967	-8.4054406233836	-2.44166386282106	-2.15398179036928	-2.57242676876362	-5.50290442411805	-5.56418228390443	50	199.780014370274		0.794776077693726	2.05204120134705e-05	bum (67, 0.56000), bum (16, 0.56000), bum (6, 0.56000), come (35152, 0.57143), pub (546, 0.58333)
42	pwIp	-16.1201397150991	-13.9682523223	-2.50534620118877	-2.28220264987456	-2.40838697819848	-5.66522794570118	-5.80027698756571	6	21.1985024701121		0.187015119161277	4.82856417756519e-06	quip (16, 0.57143), quip (15, 0.57143), pip (27, 0.70000), pip (1, 0.70000), whip (254, 0.70000)
43	pwVdz	-21.6679340024253	-inf	-2.42186693827875	-2.2395453814848	-2.14216389077852	-5.98158344978305	-6.80408709745643	0	0		0.00605869502908327	1.56430121326154e-07	upwards (354, 0.95714), duds (2, 1.53784), suds (22, 1.57500), tweeds (20, 1.61008), forwards (282, 1.62381)
44	kwid	-12.0812600654779	-9.11776560648686	-2.19768070606568	-1.97453715475147	-1.67160197720934	-5.344255098134	-5.18857013894594	13	55.450768805814		0.269925767156675	6.96924342662661e-06	queen (951, 0.59375), queen (4, 0.59375), tweed (92, 0.65385), quid (116, 0.67857), we'd (346, 0.70000)
45	r2nt	-11.3537742596379	-10.7792584405152	-2.03520902196009	-1.81206547064588	-1.89711911328963	-4.9511026648882	-3.94450287741813	18	93.924837991431		0.310851163466779	8.02590078920707e-06	rind (33, 0.58824), right (2069, 0.70000), right (21, 0.70000), right (7094, 0.70000), right (5616, 0.70000)
46	r{sk	-13.2699146084794	-12.038579656476	-2.56913274641199	-2.34598919509778	-2.89321665174926	-5.50523271387764	-5.43083473170693	13	48.5171915203769		0.212605273815073	5.48927922891412e-06	rack (182, 0.70000), rack (6, 0.70000), rack (65, 0.70000), wrac (1, 0.70000), wrac (1, 0.70000)
47	r2f	-12.6202107300333	-8.40143928249391	-3.08277203080023	-2.79508995834845	-3.38838277964504	-6.00018706427897	-5.92085722784316	41	203.306475970401		1.66578700635943	4.30091401295973e-05	rife (26, 5e-06), life (14935, 0.37500), knife (791, 0.56522), knife (42, 0.56522), rive (30, 0.56522)
48	sk4l	-15.3105676119089	-inf	-2.36291035506501	-2.1397668037508	-1.70291624730225	-5.32934204741397	-4.77505669765495	18	82.0775411082509		0.401806391167601	1.03742839370944e-05	spoil (19, 0.57143), spoil (522, 0.57143), spoil (6, 0.57143), school (9198, 0.59596), school (23, 0.59596)
49	sfund	-18.4569622211559	-inf	-2.29084613066065	-2.10852457386669	-2.80209850269737	-5.2582876550971	-5.13087314962509	0	0		0.00760564636657674	1.96371030094156e-07	found (544, 1.35753), sound (2725, 1.35753), sound (2245, 1.35753), sound (80, 1.35753), sound (60, 1.35753)
50	S2nt	-14.7558626830567	-8.67309585516283	-2.1571295298687	-1.93398597855449	-1.88886375285535	-5.1627607201169	-4.02163860630036	7	33.1885960560936		0.121614051521149	3.13996673262114e-06	shine (30, 0.70000), shine (614, 0.70000), shine (28, 0.70000), shan't (141, 0.78846), pint (268, 0.88889)
51	SIlk	-16.8489055369073	-12.6846442515255	-2.84437864970788	-2.62123509839367	-3.96928908845221	-5.914200452537	-6.44436801113646	5	22.6993059027962		0.142285879071244	3.67369494903938e-06	silk (474, 0.48276), ilk (10, 0.70000), bilk (2, 0.92683), milk (1792, 0.94444), milk (174, 0.94444)
52	Sruks	-20.3555438048949	-15.1918990513884	-2.80014466699303	-2.61782311019907	-1.44389919629674	-5.79095570462276	-5.43936522159066	0	0		0.00501922007576667	1.29591801806477e-07	roots (127, 1.35385), troops (782, 1.38722), shrew (42, 1.40000), shriek (85, 1.42941), shriek (208, 1.42941)
53	S3n	-13.9472573389068	-inf	-2.69798175127004	-2.41029967881826	-3.51455289129538	-5.94829647476721	-6.87133932446559	23	110.307792449268		0.493254526259211	1.2735393515768e-05	churn (15, 0.50000), churn (89, 0.50000), shawn (1, 0.65217), earn (973, 0.70000), urn (68, 0.70000)
54	SwuZ	-21.7439005451736	-inf	-3.2490605771738	-3.02591702585959	-6.44094654063292	-7.8324271728439	-9.60136843228658	0	0		0.00738319507100833	1.90627535333669e-07	swoon (10, 1.36081), swoon (26, 1.36081), shoe (1417, 1.40000), shoe (20, 1.40000), shoo (21, 1.40000)
55	skEl	-14.5866594464467	-10.1413354405165	-2.51528120413216	-2.29213765281795	-1.88323719884316	-5.23595065643911	-4.62119234567503	24	118.175802092248		0.390648291892277	1.00861917299392e-05	spell (334, 0.57143), spell (319, 0.57143), skill (1456, 0.60870), scull (13, 0.66667), scull (1, 0.66667)
56	skIk	-12.1814905825048	-9.42912356717985	-2.36020995506376	-2.13706640374955	-1.75441300925916	-4.94139200213849	-3.78947921630452	23	103.277539937689		0.407374639209331	1.05180511530642e-05	skip (23, 0.57143), skip (168, 0.57143), skit (3, 0.65385), stick (698, 0.65385), stick (1683, 0.65385)
57	sklund	-17.8460887615978	-17.795120759267	-2.27333497954465	-2.11918429971739	-1.9605117982736	-5.24469246538703	-4.5377191029047	0	0		0.0021333742230199	5.50818265219049e-08	seclude (6, 1.40000), slewed (2, 1.40000), scrounge (25, 1.60753), skew-eyed (2, 1.62959), saloon (212, 1.64872)
58	skr2d	-14.4895321613586	-10.4001193697446	-2.21579377477694	-2.03347221798299	-1.5890776214966	-5.19619766352235	-4.42183460172851	5	18.0574661775049		0.122858445906995	3.17209588977807e-06	stride (183, 0.65385), stride (225, 0.65385), scribe (22, 0.69444), scribe (21, 0.69444), screed (1, 0.73333)
59	sl1m	-14.0918072547337	-10.0152473497623	-2.60300914523401	-2.3798655939198	-2.55072050733058	-5.33466269844256	-5.18554441802941	24	111.082612704445		0.291633810656167	7.52972581797957e-06	lame (9, 0.70000), lame (71, 0.70000), same (241, 0.70000), same (11841, 0.70000), slay (79, 0.70000)
60	sm8f	-19.4245345526223	-inf	-3.08186064476777	-2.85871709345356	-3.41262607748578	-5.66210660098983	-6.52175467475188	0	0		0.0138781838686456	3.58322374032315e-07	safe (127, 1.13636), safe (1584, 1.13636), smith (50, 1.32384), smith (695, 1.32384), steph (11, 1.38625)
61	sm8g	-21.1825894332642	-inf	-3.17183890416764	-2.94869535285343	-3.41262607748578	-5.68416342270338	-6.52175467475188	2	7.43366654016617		0.0315016425783387	8.13344416057904e-07	smug (45, 0.79365), smog (34, 0.89855), smack (20, 1.27094), smack (107, 1.27094), smack (18, 1.27094)
62	smilT	-21.2378092786834	-inf	-2.60295161985936	-2.42063006306541	-3.22322634632737	-5.80097620041896	-6.44012172025501	0	0		0.00469650361488399	1.21259549582608e-07	smith (50, 1.37857), smith (695, 1.37857), meal (1629, 1.40000), seal (255, 1.40000), seal (324, 1.40000)
63	sminT	-19.3916673432938	-13.3978449243421	-2.47766351047623	-2.29534195368227	-1.87086598315074	-5.75522790427267	-6.09281253230392	0	0		0.004108352547808	1.06074011716919e-07	smith (50, 1.37857), smith (695, 1.37857), mean (151, 1.40000), mean (13126, 1.40000), mean (472, 1.40000)
64	sm7g	-20.1869075254006	-inf	-3.16191338813059	-2.93876983681638	-3.08100324168847	-5.68018885467305	-6.47680328688962	4	16.3745576079516		0.0304399610249173	7.8593274185839e-07	smug (45, 0.89706), smog (34, 0.94366), smear (65, 1.00000), smear (112, 1.00000), swig (31, 1.18167)
65	smVm	-14.4425718130794	-11.5060331137625	-2.51823060835983	-2.29508705704562	-2.33277070417532	-5.42127850833056	-5.89391259259971	13	58.1968385168988		0.17939785034308	4.631893066099e-06	mum (277, 0.70000), mum (6, 0.70000), some (1369, 0.70000), some (32863, 0.70000), sum (864, 0.70000)
66	snEl	-14.8445342618647	-inf	-2.59927910022976	-2.37613554891555	-2.90757894622362	-5.3042442049693	-5.49049456811327	14	71.155217984859		0.197383614869502	5.09626952233359e-06	cell (1216, 0.70000), knell (7, 0.70000), sell (20, 0.70000), sell (2596, 0.70000), snail (80, 0.70000)
67	sn4ks	-21.3550421186091	-inf	-2.61700891601751	-2.43468735922356	-2.74905866997496	-5.24344069060407	-5.17772012292188	0	0		0.00510380869537877	1.31775804791479e-07	snook (3, 1.29596), sneak (11, 1.39231), sneak (109, 1.39231), slacks (107, 1.40847), snips (1, 1.44240)
68	sp{k	-12.0130325527896	-9.29340734752121	-2.30668173029378	-2.08353817897957	-1.3934378431495	-5.15592751727983	-4.49239723746946	30	122.784967329664		0.456762768780441	1.17932087676652e-05	spec (8, 0.53846), speck (80, 0.53846), spat (8, 0.65385), stack (221, 0.67857), stack (198, 0.67857)
69	splIN	-12.1050623036158	-10.0740986204483	-1.65977223302107	-1.47745067622712	-1.08331903919072	-4.85840206945244	-3.66594527606222	11	55.4032780645415		0.362900372254642	9.36976510429996e-06	spring (1260, 0.37500), spring (603, 0.37500), spelling (164, 0.70000), sapling (44, 0.70000), sling (63, 0.70000)
70	spr#f	-16.3994897611168	-12.9578771818342	-2.51720292991297	-2.33488137311901	-1.67261893897447	-5.47424916835767	-4.79244140878447	1	2.83321334405622		0.0295816770490662	7.63772612353573e-07	strafe (15, 0.67857), scarf (219, 1.27143), sprawl (30, 1.28170), sprawl (165, 1.28170), staff (20, 1.37857)
71	skw5lk	-21.5958246785941	-17.845220918671	-2.60400488607904	-2.44985420625178	-1.45603194581164	-5.48759740206536	-5.04573869185862	0	0		0.0060734078503937	1.56809993297196e-07	squall (13, 1.22632), squall (8, 1.22632), squawk (11, 1.22632), squawk (33, 1.22632), scroll (83, 1.40370)
72	skwIl	-14.9189783005011	-10.8582066468773	-2.33375986891756	-2.1514383121236	-1.17649710507741	-5.23599305537066	-4.46792570892877	10	35.7279276889306		0.165120244200641	4.26325796392143e-06	squeal (31, 0.67857), squeal (79, 0.67857), skill (1456, 0.70000), quill (49, 0.70000), swill (8, 0.70000)
73	stIn	-9.48720443492797	-9.07411890442518	-1.86542478605759	-1.64228123474338	-1.16899795371447	-4.48792655692984	-3.55222477359192	34	168.565944486437		0.710432002611423	1.8342722950903e-05	still (21, 0.47368), still (24, 0.47368), still (653, 0.47368), still (15641, 0.47368), skin (1832, 0.65385)
74	stIp	-11.3788258582476	-9.44082768197707	-2.05792433061562	-1.83478077930141	-1.18052625071717	-4.74620550481123	-3.69873509888521	36	181.008942794152		0.625953432980566	1.61615613586163e-05	stick (698, 0.57143), stick (1683, 0.57143), step (1841, 0.60870), step (1030, 0.60870), steppe (21, 0.60870)
75	st2@R	-11.7327702674894	-10.0575332026767	-1.30956400269955	-1.1272424459056	-0.667354666330386	-4.76462561200131	-2.98744744524142	9	31.6127581663355		0.151583921624954	3.91376214466329e-06	spire (132, 0.67857), satire (61, 0.70000), sire (10, 0.70000), sire (5, 0.70000), tire (138, 0.70000)
76	t#k	-12.3186844056228	-8.05230966974753	-2.64288579488789	-2.3552037224361	-3.00117612784071	-5.71156654531375	-6.0948105349666	48	208.450277325757		1.10139055537065	2.84369253406998e-05	talk (826, 0.36170), talk (9141, 0.36170), torque (38, 0.36170), turk (127, 0.55556), dark (666, 0.58824)
77	tip	-12.6217803795322	-7.59568328190314	-2.9467650377463	-2.65908296529452	-3.04014121614561	-5.97457056413739	-5.8324462704991	56	287.349184234208		0.987512488364803	2.54966948533424e-05	teak (20, 0.57143), deep (49, 0.58824), deep (2267, 0.58824), deep (739, 0.58824), cheap (1128, 0.59375)
