		lab	bilab	dent	cor	alv	pal	dors	velar	dist	obstr	son	stop	cont	cons	glide	strid	aff	nas	lat	rhot	oral	vcd	vcls	spr. gl.	margin	high	nonhigh	low	nonlow	long	short	vshort	ATR	RTR	diph	mono	nuc
{	41	0	0	0	0	0	+	0	0	0	0	0	0	0	0	0	0	0	0	0	0	0	0	0	0	0	0	+	+	0	0	+	0	0	+	0	+	+
z	12	0	0	0	+	+	0	0	0	0	+	0	0	+	0	0	+	0	0	0	0	0	+	0	0	+	0	0	0	0	0	0	0	0	0	0	0	0
w	23	+	+	0	0	0	0	+	0	0	0	+	0	0	0	+	0	0	0	0	0	0	+	0	0	+	+	0	0	0	0	0	0	0	0	0	0	0
v	5	+	0	+	0	0	0	0	0	+	+	0	0	+	0	0	0	0	0	0	0	0	+	0	0	+	0	0	0	0	0	0	0	0	0	0	0	0
u	30	+	0	0	0	0	0	+	0	0	0	0	0	0	0	0	0	0	0	0	0	0	0	0	0	0	+	0	0	+	+	0	0	+	0	0	+	+
t	7	0	0	0	+	+	0	0	0	0	+	0	+	0	0	0	0	0	0	0	0	+	0	+	0	+	0	0	0	0	0	0	0	0	0	0	0	0
s	11	0	0	0	+	+	0	0	0	0	+	0	0	+	0	0	+	0	0	0	0	0	0	+	0	+	0	0	0	0	0	0	0	0	0	0	0	0
r	21	+	0	0	+	+	0	0	0	0	0	+	0	0	0	0	0	0	0	0	+	0	+	0	0	+	0	0	0	0	0	0	0	0	0	0	0	0
p	2	+	+	0	0	0	0	0	0	0	+	0	+	0	0	0	0	0	0	0	0	+	0	+	0	+	0	0	0	0	0	0	0	0	0	0	0	0
n	22	0	0	0	+	+	0	0	0	0	0	+	+	0	+	0	0	0	+	0	0	0	+	0	0	+	0	0	0	0	0	0	0	0	0	0	0	0
m	6	+	+	0	0	0	0	0	0	0	0	+	+	0	+	0	0	0	+	0	0	0	+	0	0	+	0	0	0	0	0	0	0	0	0	0	0	0
l	20	0	0	0	+	+	0	0	0	0	0	+	0	0	0	0	0	0	0	+	0	0	+	0	0	+	0	0	0	0	0	0	0	0	0	0	0	0
k	17	0	0	0	0	0	0	+	+	0	+	0	+	0	0	0	0	0	0	0	0	+	0	+	0	+	0	0	0	0	0	0	0	0	0	0	0	0
j	24	0	0	0	+	0	+	0	0	0	0	+	0	0	0	+	0	0	0	0	0	0	+	0	0	+	+	0	0	0	0	0	0	0	0	0	0	0
i	26	0	0	0	0	0	+	0	0	0	0	0	0	0	0	0	0	0	0	0	0	0	0	0	0	0	+	0	0	+	+	0	0	+	0	0	+	+
h	25	0	0	0	0	0	0	0	0	+	+	0	0	+	0	0	0	0	0	0	0	0	0	+	+	+	0	0	0	0	0	0	0	0	0	0	0	0
g	18	0	0	0	0	0	0	+	+	0	+	0	+	0	0	0	0	0	0	0	0	+	+	0	0	+	0	0	0	0	0	0	0	0	0	0	0	0
f	4	+	0	+	0	0	0	0	0	+	+	0	0	+	0	0	0	0	0	0	0	0	0	+	0	+	0	0	0	0	0	0	0	0	0	0	0	0
d	8	0	0	0	+	+	0	0	0	0	+	0	+	0	0	0	0	0	0	0	0	+	+	0	0	+	0	0	0	0	0	0	0	0	0	0	0	0
b	3	+	+	0	0	0	0	0	0	0	+	0	+	0	0	0	0	0	0	0	0	+	+	0	0	+	0	0	0	0	0	0	0	0	0	0	0	0
_	16	0	0	0	+	0	+	0	0	0	+	0	+	0	0	0	+	+	0	0	0	0	+	0	0	+	+	0	0	0	0	0	0	0	0	0	0	0
Z	14	0	0	0	+	0	+	0	0	0	+	0	0	+	0	0	+	0	0	0	0	0	+	0	0	+	+	0	0	0	0	0	0	0	0	0	0	0
V	43	0	0	0	0	0	0	+	0	0	0	0	0	0	0	0	0	0	0	0	0	0	0	0	0	0	0	+	0	+	0	+	0	0	+	0	+	+
U	44	+	0	0	0	0	0	+	0	0	0	0	0	0	0	0	0	0	0	0	0	0	0	0	0	0	+	0	0	+	0	+	0	0	+	0	+	+
T	9	0	0	+	+	0	0	0	0	+	+	0	0	+	0	0	0	0	0	0	0	0	0	+	0	+	0	0	0	0	0	0	0	0	0	0	0	0
S	13	0	0	0	+	0	+	0	0	0	+	0	0	+	0	0	+	0	0	0	0	0	0	+	0	+	+	0	0	0	0	0	0	0	0	0	0	0
Q	42	+	0	0	0	0	0	+	0	0	0	0	0	0	0	0	0	0	0	0	0	0	0	0	0	0	0	+	+	0	0	+	0	0	+	0	+	+
N	19	0	0	0	0	0	0	+	+	0	0	+	+	0	+	0	0	0	+	0	0	0	+	0	0	+	0	0	0	0	0	0	0	0	0	0	0	0
J	15	0	0	0	+	0	+	0	0	0	+	0	+	0	0	0	+	+	0	0	0	0	0	+	0	+	+	0	0	0	0	0	0	0	0	0	0	0
I	39	0	0	0	0	0	+	0	0	0	0	0	0	0	0	0	0	0	0	0	0	0	0	0	0	0	+	0	0	+	0	+	0	0	+	0	+	+
E	40	0	0	0	0	0	+	0	0	0	0	0	0	0	0	0	0	0	0	0	0	0	0	0	0	0	0	+	0	+	0	+	0	0	+	0	+	+
D	10	0	0	+	+	0	0	0	0	+	+	0	0	+	0	0	0	0	0	0	0	0	+	0	0	+	0	0	0	0	0	0	0	0	0	0	0	0
@	45	0	0	0	0	0	0	+	0	0	0	0	0	0	0	0	0	0	0	0	0	0	0	0	0	0	0	+	0	+	0	0	+	0	+	0	+	+
9	38	+	0	0	0	0	0	+	0	0	0	0	0	0	0	0	0	0	0	0	0	0	0	0	0	0	+	0	0	+	+	0	0	0	+	0	+	+
8	37	0	0	0	0	0	+	0	0	0	0	0	0	0	0	0	0	0	0	0	0	0	0	0	0	0	0	+	0	+	+	0	0	0	+	0	+	+
7	36	0	0	0	0	0	+	0	0	0	0	0	0	0	0	0	0	0	0	0	0	0	0	0	0	0	+	0	0	+	+	0	0	0	+	0	+	+
6	35	+	0	0	0	0	0	+	0	0	0	0	0	0	0	0	0	0	0	0	0	0	0	0	0	0	+	0	+	0	+	0	0	+	0	+	0	+
5	34	+	0	0	0	0	0	+	0	0	0	0	0	0	0	0	0	0	0	0	0	0	0	0	0	0	0	+	0	+	+	0	0	+	0	0	+	+
4	33	+	0	0	0	0	+	+	0	0	0	0	0	0	0	0	0	0	0	0	0	0	0	0	0	0	+	+	0	+	+	0	0	+	0	+	0	+
3	29	0	0	0	0	0	0	+	0	0	0	0	0	0	0	0	0	0	0	0	0	0	0	0	0	0	0	+	0	+	+	0	0	+	0	0	+	+
2	32	0	0	0	0	0	+	+	0	0	0	0	0	0	0	0	0	0	0	0	0	0	0	0	0	0	+	0	+	0	+	0	0	+	0	+	0	+
1	31	0	0	0	0	0	+	0	0	0	0	0	0	0	0	0	0	0	0	0	0	0	0	0	0	0	0	+	0	+	+	0	0	+	0	0	+	+
$	28	+	0	0	0	0	0	+	0	0	0	0	0	0	0	0	0	0	0	0	0	0	0	0	0	0	0	+	+	0	+	0	0	+	0	0	+	+
#	27	0	0	0	0	0	0	+	0	0	0	0	0	0	0	0	0	0	0	0	0	0	0	0	0	0	0	+	+	0	+	0	0	+	0	0	+	+
